1.22826331456041e-06,1.27427588812391e-06,1.30670327942638e-06,1.3258512531008e-06,1.33216778089769e-06,1.3258512531008e-06,1.30670327942638e-06,1.27427588812391e-06,1.22826331456041e-06,1.16899500753713e-06,1.27427588812391e-06,1.31949995501294e-06,1.35088212238206e-06,1.36918522681367e-06,1.37518136305798e-06,1.36918522681367e-06,1.35088212238206e-06,1.31949995501294e-06,1.27427588812391e-06,1.21506795538292e-06,1.30670327942638e-06,1.35088212238206e-06,1.38112003533858e-06,1.39856008975602e-06,1.4042374658474e-06,1.39856008975602e-06,1.38112003533858e-06,1.35088212238206e-06,1.30670327942638e-06,1.24803400672948e-06,1.3258512531008e-06,1.36918522681367e-06,1.39856008975602e-06,1.41536855189065e-06,1.42081552867331e-06,1.41536855189066e-06,1.39856008975602e-06,1.36918522681367e-06,1.3258512531008e-06,1.26773403341303e-06,1.33216778089769e-06,1.37518136305798e-06,1.4042374658474e-06,1.42081552867331e-06,1.42617889883015e-06,1.42081552867331e-06,1.4042374658474e-06,1.37518136305798e-06,1.33216778089769e-06,1.27427588812391e-06,1.3258512531008e-06,1.36918522681367e-06,1.39856008975602e-06,1.41536855189065e-06,1.42081552867331e-06,1.41536855189065e-06,1.39856008975602e-06,1.36918522681367e-06,1.3258512531008e-06,1.26773403341303e-06,1.30670327942638e-06,1.35088212238206e-06,1.38112003533858e-06,1.39856008975602e-06,1.4042374658474e-06,1.39856008975602e-06,1.38112003533858e-06,1.35088212238206e-06,1.30670327942638e-06,1.24803400672948e-06,1.27427588812391e-06,1.31949995501294e-06,1.35088212238206e-06,1.36918522681367e-06,1.37518136305798e-06,1.36918522681367e-06,1.35088212238206e-06,1.31949995501294e-06,1.27427588812391e-06,1.21506795538292e-06,1.22826331456041e-06,1.27427588812391e-06,1.30670327942638e-06,1.3258512531008e-06,1.33216778089769e-06,1.3258512531008e-06,1.30670327942638e-06,1.27427588812391e-06,1.22826331456041e-06,1.16899500753713e-06,1.16899500753712e-06,1.21506795538292e-06,1.24803400672948e-06,1.26773403341303e-06,1.27427588812391e-06,1.26773403341303e-06,1.24803400672948e-06,1.21506795538292e-06,1.16899500753713e-06,1.11059960592082e-06
2.27915478038639e-07,2.32214243788e-07,2.35350415752573e-07,2.37258735923603e-07,2.37899314582501e-07,2.37258735923603e-07,2.35350415752573e-07,2.32214243788e-07,2.27915478038639e-07,2.22542812334534e-07,2.32214243788e-07,2.36620397157248e-07,2.39834547987295e-07,2.41790147441695e-07,2.42446565881481e-07,2.41790147441695e-07,2.39834547987295e-07,2.36620397157248e-07,2.32214243788e-07,2.26706683756448e-07,2.35350415752573e-07,2.39834547987295e-07,2.431052694631e-07,2.45095144889848e-07,2.45763042565907e-07,2.45095144889848e-07,2.431052694631e-07,2.39834547987295e-07,2.35350415752573e-07,2.29744793225906e-07,2.37258735923603e-07,2.41790147441695e-07,2.45095144889848e-07,2.47105777803635e-07,2.47780625494781e-07,2.47105777803635e-07,2.45095144889848e-07,2.41790147441695e-07,2.37258735923603e-07,2.31593609082286e-07,2.37899314582501e-07,2.42446565881481e-07,2.45763042565907e-07,2.47780625494781e-07,2.48457799871725e-07,2.47780625494781e-07,2.45763042565907e-07,2.42446565881481e-07,2.37899314582501e-07,2.32214243788e-07,2.37258735923603e-07,2.41790147441695e-07,2.45095144889848e-07,2.47105777803635e-07,2.47780625494781e-07,2.47105777803635e-07,2.45095144889848e-07,2.41790147441695e-07,2.37258735923603e-07,2.31593609082286e-07,2.35350415752573e-07,2.39834547987295e-07,2.431052694631e-07,2.45095144889848e-07,2.45763042565907e-07,2.45095144889848e-07,2.431052694631e-07,2.39834547987295e-07,2.35350415752573e-07,2.29744793225906e-07,2.32214243788e-07,2.36620397157248e-07,2.39834547987295e-07,2.41790147441695e-07,2.42446565881481e-07,2.41790147441695e-07,2.39834547987295e-07,2.36620397157248e-07,2.32214243788e-07,2.26706683756448e-07,2.27915478038639e-07,2.32214243788e-07,2.35350415752573e-07,2.37258735923603e-07,2.37899314582501e-07,2.37258735923603e-07,2.35350415752573e-07,2.32214243788e-07,2.27915478038639e-07,2.22542812334534e-07,2.22542812334534e-07,2.26706683756448e-07,2.29744793225906e-07,2.31593609082286e-07,2.32214243788e-07,2.31593609082286e-07,2.29744793225906e-07,2.26706683756448e-07,2.22542812334534e-07,2.17339367223693e-07
7.54530279216461e-08,7.62057271961601e-08,7.67503980329281e-08,7.70800499084793e-08,7.71904126026039e-08,7.70800499084793e-08,7.67503980329281e-08,7.62057271961601e-08,7.54530279216461e-08,7.45018264388491e-08,7.62057271961601e-08,7.69699270109088e-08,7.75229459268967e-08,7.78576607609924e-08,7.79697202017865e-08,7.78576607609924e-08,7.75229459268967e-08,7.69699270109088e-08,7.62057271961601e-08,7.52400532680539e-08,7.67503980329281e-08,7.75229459268967e-08,7.80820246524183e-08,7.84204146703619e-08,7.85337057764633e-08,7.8420414670362e-08,7.80820246524183e-08,7.75229459268966e-08,7.67503980329281e-08,7.57742189223751e-08,7.70800499084793e-08,7.78576607609924e-08,7.8420414670362e-08,7.87610336385832e-08,7.88750717342458e-08,7.87610336385832e-08,7.84204146703619e-08,7.78576607609924e-08,7.70800499084793e-08,7.6097499652155e-08,7.71904126026039e-08,7.79697202017865e-08,7.85337057764634e-08,7.88750717342458e-08,7.89893601691273e-08,7.88750717342458e-08,7.85337057764634e-08,7.79697202017865e-08,7.71904126026039e-08,7.62057271961601e-08,7.70800499084794e-08,7.78576607609924e-08,7.8420414670362e-08,7.87610336385831e-08,7.88750717342458e-08,7.87610336385831e-08,7.8420414670362e-08,7.78576607609924e-08,7.70800499084793e-08,7.6097499652155e-08,7.67503980329281e-08,7.75229459268967e-08,7.80820246524182e-08,7.8420414670362e-08,7.85337057764633e-08,7.8420414670362e-08,7.80820246524183e-08,7.75229459268966e-08,7.67503980329281e-08,7.57742189223751e-08,7.62057271961601e-08,7.69699270109088e-08,7.75229459268966e-08,7.78576607609924e-08,7.79697202017865e-08,7.78576607609924e-08,7.75229459268966e-08,7.69699270109088e-08,7.62057271961601e-08,7.52400532680538e-08,7.54530279216461e-08,7.62057271961601e-08,7.67503980329281e-08,7.70800499084793e-08,7.71904126026039e-08,7.70800499084794e-08,7.67503980329281e-08,7.62057271961601e-08,7.54530279216461e-08,7.45018264388491e-08,7.45018264388491e-08,7.52400532680539e-08,7.57742189223751e-08,7.6097499652155e-08,7.62057271961601e-08,7.6097499652155e-08,7.57742189223752e-08,7.52400532680538e-08,7.45018264388491e-08,7.35688377230206e-08
3.32554792993935e-08,3.34548858573606e-08,3.35984847721643e-08,3.36851145961093e-08,3.37140700413781e-08,3.36851145961093e-08,3.35984847721643e-08,3.34548858573606e-08,3.32554792993935e-08,3.30018620977484e-08,3.34548858573606e-08,3.36561986168594e-08,3.38011738866093e-08,3.3888635500403e-08,3.3917869211553e-08,3.3888635500403e-08,3.38011738866093e-08,3.36561986168594e-08,3.34548858573606e-08,3.31988527736647e-08,3.35984847721643e-08,3.38011738866093e-08,3.39471429630781e-08,3.40352051856205e-08,3.40646398251468e-08,3.40352051856205e-08,3.39471429630781e-08,3.38011738866093e-08,3.35984847721643e-08,3.33407073762822e-08,3.36851145961093e-08,3.3888635500403e-08,3.40352051856205e-08,3.41236303907122e-08,3.41531864634691e-08,3.41236303907122e-08,3.40352051856205e-08,3.3888635500403e-08,3.36851145961093e-08,3.3426283059418e-08,3.37140700413781e-08,3.3917869211553e-08,3.40646398251468e-08,3.41531864634691e-08,3.41827831609517e-08,3.41531864634691e-08,3.40646398251468e-08,3.3917869211553e-08,3.37140700413781e-08,3.34548858573606e-08,3.36851145961093e-08,3.3888635500403e-08,3.40352051856205e-08,3.41236303907122e-08,3.41531864634691e-08,3.41236303907122e-08,3.40352051856205e-08,3.3888635500403e-08,3.36851145961093e-08,3.34262830594179e-08,3.35984847721643e-08,3.38011738866093e-08,3.39471429630781e-08,3.40352051856205e-08,3.40646398251468e-08,3.40352051856205e-08,3.3947142963078e-08,3.38011738866093e-08,3.35984847721643e-08,3.33407073762822e-08,3.34548858573606e-08,3.36561986168594e-08,3.38011738866093e-08,3.3888635500403e-08,3.3917869211553e-08,3.3888635500403e-08,3.38011738866093e-08,3.36561986168594e-08,3.34548858573606e-08,3.31988527736647e-08,3.32554792993935e-08,3.34548858573606e-08,3.35984847721643e-08,3.36851145961093e-08,3.37140700413781e-08,3.36851145961093e-08,3.35984847721643e-08,3.34548858573606e-08,3.32554792993935e-08,3.30018620977483e-08,3.30018620977484e-08,3.31988527736647e-08,3.33407073762822e-08,3.34262830594179e-08,3.34548858573606e-08,3.34262830594179e-08,3.33407073762822e-08,3.31988527736647e-08,3.30018620977484e-08,3.27513068608597e-08
1.73929977084198e-08,1.74619019292798e-08,1.75113899800845e-08,1.75411917835285e-08,1.75511439478721e-08,1.75411917835285e-08,1.75113899800845e-08,1.74619019292798e-08,1.73929977084198e-08,1.7305050767195e-08,1.74619019292798e-08,1.75312487416587e-08,1.75810552891903e-08,1.76110491419061e-08,1.76210654819446e-08,1.76110491419061e-08,1.75810552891903e-08,1.75312487416587e-08,1.74619019292798e-08,1.73733915452686e-08,1.75113899800845e-08,1.75810552891903e-08,1.76310910356323e-08,1.76612230934385e-08,1.76712856166595e-08,1.76612230934385e-08,1.76310910356323e-08,1.75810552891903e-08,1.75113899800845e-08,1.74224741396893e-08,1.75411917835285e-08,1.76110491419061e-08,1.76612230934385e-08,1.76914384882842e-08,1.77015288598351e-08,1.76914384882842e-08,1.76612230934385e-08,1.76110491419061e-08,1.75411917835285e-08,1.74520314611945e-08,1.75511439478721e-08,1.76210654819446e-08,1.76712856166595e-08,1.77015288598351e-08,1.77116285373396e-08,1.77015288598351e-08,1.76712856166595e-08,1.76210654819446e-08,1.75511439478721e-08,1.74619019292798e-08,1.75411917835285e-08,1.76110491419061e-08,1.76612230934385e-08,1.76914384882842e-08,1.77015288598351e-08,1.76914384882842e-08,1.76612230934385e-08,1.76110491419061e-08,1.75411917835285e-08,1.74520314611945e-08,1.75113899800845e-08,1.75810552891903e-08,1.76310910356323e-08,1.76612230934385e-08,1.76712856166595e-08,1.76612230934385e-08,1.76310910356323e-08,1.75810552891903e-08,1.75113899800845e-08,1.74224741396893e-08,1.74619019292798e-08,1.75312487416587e-08,1.75810552891903e-08,1.76110491419061e-08,1.76210654819446e-08,1.76110491419061e-08,1.75810552891903e-08,1.75312487416587e-08,1.74619019292798e-08,1.73733915452686e-08,1.73929977084198e-08,1.74619019292798e-08,1.75113899800845e-08,1.75411917835285e-08,1.75511439478721e-08,1.75411917835285e-08,1.75113899800845e-08,1.74619019292798e-08,1.73929977084198e-08,1.73050507671949e-08,1.7305050767195e-08,1.73733915452686e-08,1.74224741396893e-08,1.74520314611945e-08,1.74619019292798e-08,1.74520314611945e-08,1.74224741396893e-08,1.73733915452686e-08,1.73050507671949e-08,1.72178211355319e-08
1.01853943956445e-08,1.02139129205622e-08,1.02343632102934e-08,1.02466654932483e-08,1.0250771620137e-08,1.02466654932483e-08,1.02343632102934e-08,1.02139129205622e-08,1.01853943956445e-08,1.01489183214243e-08,1.02139129205622e-08,1.02425620509129e-08,1.02631061321914e-08,1.02754648919856e-08,1.02795898782528e-08,1.02754648919856e-08,1.02631061321914e-08,1.02425620509129e-08,1.02139129205622e-08,1.01772701203415e-08,1.02343632102934e-08,1.02631061321914e-08,1.02837175683931e-08,1.02961168863388e-08,1.03002554162713e-08,1.02961168863388e-08,1.02837175683931e-08,1.02631061321914e-08,1.02343632102934e-08,1.01976006804669e-08,1.02466654932483e-08,1.02754648919856e-08,1.02961168863388e-08,1.03085406266872e-08,1.03126873120551e-08,1.03085406266872e-08,1.02961168863388e-08,1.02754648919856e-08,1.02466654932483e-08,1.02098308683788e-08,1.0250771620137e-08,1.02795898782528e-08,1.03002554162713e-08,1.03126873120551e-08,1.03168367207908e-08,1.03126873120551e-08,1.03002554162713e-08,1.02795898782528e-08,1.0250771620137e-08,1.02139129205622e-08,1.02466654932483e-08,1.02754648919856e-08,1.02961168863388e-08,1.03085406266872e-08,1.03126873120551e-08,1.03085406266872e-08,1.02961168863388e-08,1.02754648919856e-08,1.02466654932483e-08,1.02098308683788e-08,1.02343632102934e-08,1.02631061321914e-08,1.02837175683931e-08,1.02961168863388e-08,1.03002554162713e-08,1.02961168863388e-08,1.02837175683931e-08,1.02631061321914e-08,1.02343632102934e-08,1.01976006804669e-08,1.02139129205622e-08,1.02425620509129e-08,1.02631061321914e-08,1.02754648919856e-08,1.02795898782528e-08,1.02754648919856e-08,1.02631061321914e-08,1.02425620509129e-08,1.02139129205622e-08,1.01772701203415e-08,1.01853943956445e-08,1.02139129205622e-08,1.02343632102934e-08,1.02466654932483e-08,1.0250771620137e-08,1.02466654932483e-08,1.02343632102934e-08,1.02139129205622e-08,1.01853943956445e-08,1.01489183214243e-08,1.01489183214243e-08,1.01772701203415e-08,1.01976006804669e-08,1.02098308683788e-08,1.02139129205622e-08,1.02098308683788e-08,1.01976006804669e-08,1.01772701203415e-08,1.01489183214243e-08,1.01126550861286e-08
6.46079575048672e-09,6.47422946850103e-09,6.48385308425813e-09,6.48963853269421e-09,6.49156889913201e-09,6.48963853269421e-09,6.48385308425813e-09,6.47422946850103e-09,6.46079575048672e-09,6.44359095813665e-09,6.47422946850102e-09,6.48770910849165e-09,6.4973656582014e-09,6.50317092025119e-09,6.50510790012324e-09,6.50317092025119e-09,6.4973656582014e-09,6.48770910849164e-09,6.47422946850103e-09,6.45696594982393e-09,6.48385308425813e-09,6.4973656582014e-09,6.5070458273192e-09,6.51286529923851e-09,6.51480702212079e-09,6.51286529923851e-09,6.5070458273192e-09,6.49736565820139e-09,6.48385308425813e-09,6.46654744894809e-09,6.48963853269421e-09,6.50317092025119e-09,6.51286529923851e-09,6.51869332009257e-09,6.52063789646509e-09,6.51869332009257e-09,6.51286529923851e-09,6.50317092025119e-09,6.48963853269421e-09,6.47230755941395e-09,6.49156889913201e-09,6.50510790012324e-09,6.51480702212079e-09,6.52063789646509e-09,6.52258342528497e-09,6.52063789646509e-09,6.5148070221208e-09,6.50510790012324e-09,6.49156889913201e-09,6.47422946850103e-09,6.48963853269421e-09,6.50317092025119e-09,6.51286529923851e-09,6.51869332009256e-09,6.52063789646509e-09,6.51869332009256e-09,6.51286529923851e-09,6.50317092025119e-09,6.48963853269421e-09,6.47230755941395e-09,6.48385308425813e-09,6.4973656582014e-09,6.5070458273192e-09,6.51286529923851e-09,6.5148070221208e-09,6.51286529923851e-09,6.5070458273192e-09,6.4973656582014e-09,6.48385308425813e-09,6.46654744894808e-09,6.47422946850102e-09,6.48770910849164e-09,6.49736565820139e-09,6.50317092025119e-09,6.50510790012324e-09,6.50317092025119e-09,6.49736565820139e-09,6.48770910849164e-09,6.47422946850103e-09,6.45696594982393e-09,6.46079575048672e-09,6.47422946850103e-09,6.48385308425813e-09,6.48963853269421e-09,6.49156889913201e-09,6.48963853269421e-09,6.48385308425813e-09,6.47422946850103e-09,6.46079575048672e-09,6.44359095813665e-09,6.44359095813665e-09,6.45696594982393e-09,6.46654744894809e-09,6.47230755941395e-09,6.47422946850103e-09,6.47230755941395e-09,6.46654744894809e-09,6.45696594982393e-09,6.44359095813665e-09,6.42646126725186e-09
4.34882769895915e-09,4.35579940572405e-09,4.36079047905485e-09,4.36378964796026e-09,4.36479012626234e-09,4.36378964796026e-09,4.36079047905485e-09,4.35579940572405e-09,4.34882769895915e-09,4.33989105598861e-09,4.35579940572406e-09,4.36278954745653e-09,4.36779382993391e-09,4.37080094090719e-09,4.37180406933404e-09,4.37080094090719e-09,4.36779382993391e-09,4.36278954745653e-09,4.35579940572405e-09,4.34683915934394e-09,4.36079047905485e-09,4.36779382993391e-09,4.37280757714264e-09,4.37582037884478e-09,4.37682540616687e-09,4.37582037884478e-09,4.37280757714265e-09,4.36779382993391e-09,4.36079047905485e-09,4.351813320261e-09,4.36378964796026e-09,4.37080094090719e-09,4.37582037884478e-09,4.37883660213721e-09,4.37984277118396e-09,4.37883660213721e-09,4.37582037884478e-09,4.37080094090719e-09,4.36378964796026e-09,4.3548023205139e-09,4.36479012626233e-09,4.37180406933404e-09,4.37682540616687e-09,4.37984277118395e-09,4.38084932120428e-09,4.37984277118396e-09,4.37682540616687e-09,4.37180406933404e-09,4.36479012626234e-09,4.35579940572405e-09,4.36378964796026e-09,4.37080094090719e-09,4.37582037884478e-09,4.37883660213722e-09,4.37984277118395e-09,4.37883660213722e-09,4.37582037884478e-09,4.37080094090719e-09,4.36378964796026e-09,4.3548023205139e-09,4.36079047905484e-09,4.36779382993391e-09,4.37280757714265e-09,4.37582037884478e-09,4.37682540616687e-09,4.37582037884478e-09,4.37280757714265e-09,4.36779382993391e-09,4.36079047905485e-09,4.351813320261e-09,4.35579940572406e-09,4.36278954745652e-09,4.36779382993391e-09,4.37080094090719e-09,4.37180406933404e-09,4.37080094090719e-09,4.36779382993391e-09,4.36278954745652e-09,4.35579940572405e-09,4.34683915934394e-09,4.34882769895915e-09,4.35579940572405e-09,4.36079047905485e-09,4.36378964796026e-09,4.36479012626234e-09,4.36378964796026e-09,4.36079047905485e-09,4.35579940572405e-09,4.34882769895915e-09,4.33989105598861e-09,4.33989105598861e-09,4.34683915934394e-09,4.351813320261e-09,4.3548023205139e-09,4.35579940572405e-09,4.3548023205139e-09,4.351813320261e-09,4.34683915934394e-09,4.33989105598861e-09,4.33098463403983e-09
3.06433963024311e-09,3.06823987981343e-09,3.07103079524251e-09,3.0727073578399e-09,3.07326654801542e-09,3.0727073578399e-09,3.07103079524251e-09,3.06823987981343e-09,3.06433963024311e-09,3.05933704349102e-09,3.06823987981343e-09,3.07214833569926e-09,3.07494512745207e-09,3.0766252217272e-09,3.07718559011079e-09,3.07662522172721e-09,3.07494512745207e-09,3.07214833569926e-09,3.06823987981343e-09,3.06322677716139e-09,3.07103079524251e-09,3.07494512745207e-09,3.07774612709082e-09,3.07942875031343e-09,3.07998996238328e-09,3.07942875031344e-09,3.07774612709082e-09,3.07494512745207e-09,3.07103079524251e-09,3.06601016245201e-09,3.0727073578399e-09,3.07662522172721e-09,3.07942875031344e-09,3.08111289343947e-09,3.08167461256695e-09,3.08111289343947e-09,3.07942875031344e-09,3.07662522172721e-09,3.0727073578399e-09,3.06768219943385e-09,3.07326654801542e-09,3.07718559011079e-09,3.07998996238328e-09,3.08167461256695e-09,3.08223650085485e-09,3.08167461256695e-09,3.07998996238328e-09,3.07718559011079e-09,3.07326654801542e-09,3.06823987981344e-09,3.0727073578399e-09,3.07662522172721e-09,3.07942875031344e-09,3.08111289343947e-09,3.08167461256695e-09,3.08111289343947e-09,3.07942875031344e-09,3.07662522172721e-09,3.0727073578399e-09,3.06768219943385e-09,3.07103079524251e-09,3.07494512745207e-09,3.07774612709082e-09,3.07942875031344e-09,3.07998996238328e-09,3.07942875031344e-09,3.07774612709082e-09,3.07494512745207e-09,3.07103079524251e-09,3.06601016245201e-09,3.06823987981344e-09,3.07214833569926e-09,3.07494512745207e-09,3.07662522172721e-09,3.07718559011079e-09,3.07662522172721e-09,3.07494512745207e-09,3.07214833569926e-09,3.06823987981343e-09,3.06322677716139e-09,3.06433963024311e-09,3.06823987981343e-09,3.07103079524251e-09,3.0727073578399e-09,3.07326654801542e-09,3.0727073578399e-09,3.07103079524251e-09,3.06823987981343e-09,3.06433963024311e-09,3.05933704349102e-09,3.05933704349102e-09,3.06322677716139e-09,3.06601016245201e-09,3.06768219943385e-09,3.06823987981344e-09,3.06768219943385e-09,3.06601016245201e-09,3.06322677716139e-09,3.05933704349102e-09,3.05434793227332e-09
2.23916485049104e-09,2.24148133119968e-09,2.24313838902467e-09,2.24413359687037e-09,2.24446549517617e-09,2.24413359687037e-09,2.24313838902467e-09,2.24148133119968e-09,2.23916485049104e-09,2.23619233330656e-09,2.24148133119968e-09,2.24380177976158e-09,2.24546167755191e-09,2.2464585916956e-09,2.24679105915438e-09,2.2464585916956e-09,2.24546167755191e-09,2.24380177976158e-09,2.24148133119968e-09,2.23850372633014e-09,2.24313838902467e-09,2.24546167755191e-09,2.24712360803141e-09,2.2481217434492e-09,2.24845461827647e-09,2.2481217434492e-09,2.24712360803141e-09,2.24546167755191e-09,2.24313838902467e-09,2.240157142683e-09,2.24413359687037e-09,2.2464585916956e-09,2.2481217434492e-09,2.24912061262954e-09,2.24945373221089e-09,2.24912061262954e-09,2.2481217434492e-09,2.2464585916956e-09,2.24413359687037e-09,2.24115016267443e-09,2.24446549517617e-09,2.24679105915438e-09,2.24845461827647e-09,2.24945373221089e-09,2.24978693343251e-09,2.24945373221089e-09,2.24845461827647e-09,2.24679105915437e-09,2.24446549517617e-09,2.24148133119968e-09,2.24413359687037e-09,2.2464585916956e-09,2.2481217434492e-09,2.24912061262954e-09,2.24945373221089e-09,2.24912061262954e-09,2.2481217434492e-09,2.2464585916956e-09,2.24413359687037e-09,2.24115016267443e-09,2.24313838902467e-09,2.24546167755191e-09,2.24712360803141e-09,2.2481217434492e-09,2.24845461827647e-09,2.2481217434492e-09,2.24712360803141e-09,2.24546167755191e-09,2.24313838902467e-09,2.240157142683e-09,2.24148133119968e-09,2.24380177976158e-09,2.24546167755191e-09,2.2464585916956e-09,2.24679105915438e-09,2.2464585916956e-09,2.24546167755191e-09,2.24380177976158e-09,2.24148133119968e-09,2.23850372633014e-09,2.23916485049104e-09,2.24148133119968e-09,2.24313838902467e-09,2.24413359687037e-09,2.24446549517617e-09,2.24413359687037e-09,2.24313838902467e-09,2.24148133119968e-09,2.23916485049104e-09,2.23619233330656e-09,2.23619233330656e-09,2.23850372633014e-09,2.240157142683e-09,2.24115016267443e-09,2.24148133119968e-09,2.24115016267443e-09,2.240157142683e-09,2.23850372633014e-09,2.23619233330656e-09,2.23322633969793e-09
1.68525738618739e-09,1.68670195196933e-09,1.6877350411034e-09,1.68835539786667e-09,1.68856226740598e-09,1.68835539786667e-09,1.6877350411034e-09,1.68670195196933e-09,1.68525738618739e-09,1.6834030968143e-09,1.68670195196933e-09,1.68814857031104e-09,1.68918312804457e-09,1.68980436696344e-09,1.69001153072078e-09,1.68980436696344e-09,1.68918312804457e-09,1.68814857031104e-09,1.68670195196933e-09,1.68484502954058e-09,1.6877350411034e-09,1.68918312804457e-09,1.69021873655679e-09,1.69084060665579e-09,1.69104798092545e-09,1.69084060665579e-09,1.69021873655679e-09,1.68918312804457e-09,1.6877350411034e-09,1.68587623473438e-09,1.68835539786667e-09,1.68980436696344e-09,1.69084060665579e-09,1.69146285589124e-09,1.69167035661119e-09,1.69146285589124e-09,1.69084060665579e-09,1.68980436696344e-09,1.68835539786667e-09,1.6864954598567e-09,1.68856226740598e-09,1.69001153072078e-09,1.69104798092545e-09,1.69167035661119e-09,1.69187789950508e-09,1.69167035661119e-09,1.69104798092545e-09,1.69001153072078e-09,1.68856226740598e-09,1.68670195196933e-09,1.68835539786667e-09,1.68980436696344e-09,1.69084060665579e-09,1.69146285589124e-09,1.69167035661119e-09,1.69146285589124e-09,1.69084060665579e-09,1.68980436696344e-09,1.68835539786667e-09,1.6864954598567e-09,1.6877350411034e-09,1.68918312804457e-09,1.69021873655679e-09,1.69084060665579e-09,1.69104798092545e-09,1.69084060665579e-09,1.69021873655679e-09,1.68918312804457e-09,1.6877350411034e-09,1.68587623473438e-09,1.68670195196933e-09,1.68814857031105e-09,1.68918312804457e-09,1.68980436696344e-09,1.69001153072078e-09,1.68980436696344e-09,1.68918312804457e-09,1.68814857031105e-09,1.68670195196933e-09,1.68484502954058e-09,1.68525738618739e-09,1.68670195196933e-09,1.6877350411034e-09,1.68835539786667e-09,1.68856226740598e-09,1.68835539786667e-09,1.6877350411034e-09,1.68670195196933e-09,1.68525738618739e-09,1.6834030968143e-09,1.6834030968143e-09,1.68484502954058e-09,1.68587623473438e-09,1.6864954598567e-09,1.68670195196933e-09,1.6864954598567e-09,1.68587623473438e-09,1.68484502954058e-09,1.6834030968143e-09,1.68155218517084e-09
1.29980613353259e-09,1.30074417299268e-09,1.30141488870303e-09,1.30181759346666e-09,1.30195187431024e-09,1.30181759346666e-09,1.30141488870303e-09,1.30074417299268e-09,1.29980613353259e-09,1.29860173011034e-09,1.30074417299268e-09,1.30168333558791e-09,1.30235485468469e-09,1.30275804193971e-09,1.30289248369041e-09,1.30275804193971e-09,1.30235485468469e-09,1.30168333558791e-09,1.30074417299268e-09,1.29953832828663e-09,1.30141488870303e-09,1.30235485468469e-09,1.30302694844977e-09,1.30343048083459e-09,1.30356503768342e-09,1.30343048083459e-09,1.30302694844977e-09,1.30235485468469e-09,1.30141488870303e-09,1.30020801303734e-09,1.30181759346666e-09,1.30275804193971e-09,1.30343048083459e-09,1.30383422049484e-09,1.30396884646843e-09,1.30383422049484e-09,1.30343048083459e-09,1.30275804193971e-09,1.30181759346666e-09,1.30061009863581e-09,1.30195187431024e-09,1.30289248369041e-09,1.30356503768342e-09,1.30396884646843e-09,1.30410349549459e-09,1.30396884646843e-09,1.30356503768342e-09,1.30289248369041e-09,1.30195187431024e-09,1.30074417299268e-09,1.30181759346666e-09,1.30275804193971e-09,1.30343048083459e-09,1.30383422049484e-09,1.30396884646843e-09,1.30383422049484e-09,1.30343048083459e-09,1.30275804193971e-09,1.30181759346666e-09,1.30061009863581e-09,1.30141488870303e-09,1.30235485468469e-09,1.30302694844977e-09,1.30343048083459e-09,1.30356503768342e-09,1.30343048083459e-09,1.30302694844977e-09,1.30235485468469e-09,1.30141488870303e-09,1.30020801303734e-09,1.30074417299268e-09,1.30168333558791e-09,1.30235485468469e-09,1.30275804193971e-09,1.30289248369041e-09,1.30275804193971e-09,1.30235485468469e-09,1.30168333558791e-09,1.30074417299268e-09,1.29953832828663e-09,1.29980613353259e-09,1.30074417299268e-09,1.30141488870303e-09,1.30181759346666e-09,1.30195187431024e-09,1.30181759346666e-09,1.30141488870303e-09,1.30074417299268e-09,1.29980613353259e-09,1.29860173011034e-09,1.29860173011034e-09,1.29953832828663e-09,1.30020801303734e-09,1.30061009863581e-09,1.30074417299268e-09,1.30061009863581e-09,1.30020801303734e-09,1.29953832828663e-09,1.29860173011034e-09,1.29739917624387e-09
1.02339408436512e-09,1.02402434827355e-09,1.02447493126601e-09,1.02474543901669e-09,1.02483563460887e-09,1.02474543901669e-09,1.02447493126601e-09,1.02402434827355e-09,1.02339408436512e-09,1.02258469047444e-09,1.02402434827355e-09,1.02465525659727e-09,1.0251063004488e-09,1.02537708494019e-09,1.02546737281684e-09,1.02537708494019e-09,1.0251063004488e-09,1.02465525659727e-09,1.02402434827355e-09,1.02321412719632e-09,1.02447493126601e-09,1.0251063004488e-09,1.02555767388774e-09,1.02582865629274e-09,1.02591901016747e-09,1.02582865629274e-09,1.02555767388774e-09,1.0251063004488e-09,1.02447493126601e-09,1.0236641186196e-09,1.02474543901669e-09,1.02537708494019e-09,1.02582865629274e-09,1.0260997575427e-09,1.02619015104856e-09,1.0260997575427e-09,1.02582865629274e-09,1.02537708494019e-09,1.02474543901669e-09,1.02393427113976e-09,1.02483563460887e-09,1.02546737281684e-09,1.02591901016747e-09,1.02619015104856e-09,1.0262805577702e-09,1.02619015104856e-09,1.02591901016747e-09,1.02546737281684e-09,1.02483563460887e-09,1.02402434827355e-09,1.02474543901669e-09,1.02537708494019e-09,1.02582865629274e-09,1.0260997575427e-09,1.02619015104856e-09,1.0260997575427e-09,1.02582865629274e-09,1.02537708494019e-09,1.02474543901669e-09,1.02393427113976e-09,1.02447493126601e-09,1.0251063004488e-09,1.02555767388774e-09,1.02582865629274e-09,1.02591901016747e-09,1.02582865629274e-09,1.02555767388774e-09,1.0251063004488e-09,1.02447493126601e-09,1.0236641186196e-09,1.02402434827355e-09,1.02465525659728e-09,1.0251063004488e-09,1.02537708494019e-09,1.02546737281684e-09,1.02537708494019e-09,1.0251063004488e-09,1.02465525659728e-09,1.02402434827355e-09,1.02321412719632e-09,1.02339408436512e-09,1.02402434827355e-09,1.02447493126601e-09,1.02474543901669e-09,1.02483563460887e-09,1.02474543901669e-09,1.02447493126601e-09,1.02402434827355e-09,1.02339408436512e-09,1.02258469047444e-09,1.02258469047444e-09,1.02321412719631e-09,1.0236641186196e-09,1.02393427113976e-09,1.02402434827355e-09,1.02393427113976e-09,1.0236641186196e-09,1.02321412719632e-09,1.02258469047444e-09,1.02177635838057e-09
8.20062437500247e-10,8.20498433268061e-10,8.20810094532764e-10,8.20997185661051e-10,8.21059565107027e-10,8.20997185661051e-10,8.20810094532764e-10,8.20498433268062e-10,8.20062437500248e-10,8.19502436536174e-10,8.20498433268062e-10,8.20934814084271e-10,8.21246750673987e-10,8.2143400711359e-10,8.21496441682737e-10,8.2143400711359e-10,8.21246750673987e-10,8.20934814084271e-10,8.20498433268061e-10,8.19937937937735e-10,8.20810094532764e-10,8.21246750673987e-10,8.21558884132167e-10,8.21746258776039e-10,8.21808732760483e-10,8.21746258776039e-10,8.21558884132167e-10,8.21246750673987e-10,8.20810094532764e-10,8.20249245710928e-10,8.20997185661051e-10,8.2143400711359e-10,8.21746258776039e-10,8.21933704392432e-10,8.21996202042714e-10,8.21933704392431e-10,8.21746258776039e-10,8.2143400711359e-10,8.20997185661051e-10,8.20436124595039e-10,8.21059565107027e-10,8.21496441682736e-10,8.21808732760483e-10,8.21996202042714e-10,8.2205870758439e-10,8.21996202042714e-10,8.21808732760483e-10,8.21496441682737e-10,8.21059565107027e-10,8.20498433268061e-10,8.20997185661051e-10,8.2143400711359e-10,8.21746258776039e-10,8.21933704392431e-10,8.21996202042714e-10,8.21933704392432e-10,8.21746258776039e-10,8.2143400711359e-10,8.20997185661051e-10,8.20436124595039e-10,8.20810094532764e-10,8.21246750673987e-10,8.21558884132167e-10,8.21746258776039e-10,8.21808732760483e-10,8.21746258776039e-10,8.21558884132167e-10,8.21246750673987e-10,8.20810094532764e-10,8.20249245710928e-10,8.20498433268062e-10,8.20934814084272e-10,8.21246750673987e-10,8.2143400711359e-10,8.21496441682736e-10,8.2143400711359e-10,8.21246750673987e-10,8.20934814084271e-10,8.20498433268061e-10,8.19937937937735e-10,8.20062437500247e-10,8.20498433268062e-10,8.20810094532764e-10,8.20997185661051e-10,8.21059565107027e-10,8.20997185661051e-10,8.20810094532764e-10,8.20498433268062e-10,8.20062437500247e-10,8.19502436536174e-10,8.19502436536174e-10,8.19937937937735e-10,8.20249245710929e-10,8.20436124595039e-10,8.20498433268061e-10,8.20436124595039e-10,8.20249245710929e-10,8.19937937937735e-10,8.19502436536174e-10,8.18943070292649e-10
6.67185260147559e-10,6.67494559763926e-10,6.6771563393569e-10,6.678483368333e-10,6.67892580869413e-10,6.678483368333e-10,6.6771563393569e-10,6.67494559763926e-10,6.67185260147559e-10,6.66787938934752e-10,6.67494559763926e-10,6.6780409766614e-10,6.68025342198949e-10,6.68158147375995e-10,6.68202425515727e-10,6.68158147375995e-10,6.68025342198949e-10,6.6780409766614e-10,6.67494559763926e-10,6.67096932559565e-10,6.6771563393569e-10,6.68025342198949e-10,6.682467085304e-10,6.68379586831546e-10,6.6842388935347e-10,6.68379586831546e-10,6.682467085304e-10,6.68025342198949e-10,6.6771563393569e-10,6.67317787964565e-10,6.678483368333e-10,6.68158147375995e-10,6.68379586831546e-10,6.68512509034125e-10,6.68556826194357e-10,6.68512509034125e-10,6.68379586831546e-10,6.68158147375995e-10,6.678483368333e-10,6.67450359521488e-10,6.67892580869412e-10,6.68202425515727e-10,6.6842388935347e-10,6.68556826194357e-10,6.68601148235524e-10,6.68556826194357e-10,6.6842388935347e-10,6.68202425515727e-10,6.67892580869413e-10,6.67494559763926e-10,6.678483368333e-10,6.68158147375995e-10,6.68379586831547e-10,6.68512509034125e-10,6.68556826194357e-10,6.68512509034125e-10,6.68379586831546e-10,6.68158147375995e-10,6.678483368333e-10,6.67450359521487e-10,6.6771563393569e-10,6.68025342198949e-10,6.68246708530399e-10,6.68379586831546e-10,6.6842388935347e-10,6.68379586831546e-10,6.682467085304e-10,6.68025342198949e-10,6.6771563393569e-10,6.67317787964564e-10,6.67494559763926e-10,6.6780409766614e-10,6.68025342198949e-10,6.68158147375995e-10,6.68202425515727e-10,6.68158147375995e-10,6.68025342198949e-10,6.6780409766614e-10,6.67494559763926e-10,6.67096932559566e-10,6.67185260147559e-10,6.67494559763926e-10,6.6771563393569e-10,6.678483368333e-10,6.67892580869413e-10,6.678483368333e-10,6.6771563393569e-10,6.67494559763926e-10,6.67185260147559e-10,6.66787938934752e-10,6.66787938934752e-10,6.67096932559565e-10,6.67317787964564e-10,6.67450359521487e-10,6.67494559763926e-10,6.67450359521488e-10,6.67317787964565e-10,6.67096932559565e-10,6.66787938934752e-10,6.66391010657033e-10
5.50043669588714e-10,5.50267964761017e-10,5.50428268680963e-10,5.50524488291132e-10,5.50556567706742e-10,5.50524488291132e-10,5.50428268680963e-10,5.50267964761017e-10,5.50043669588714e-10,5.49755513268476e-10,5.50267964761017e-10,5.50492411981913e-10,5.50652824596106e-10,5.50749109458098e-10,5.50781210630197e-10,5.50749109458098e-10,5.50652824596105e-10,5.50492411981913e-10,5.50267964761017e-10,5.49979613160941e-10,5.50428268680963e-10,5.50652824596105e-10,5.50813314912048e-10,5.50909646420312e-10,5.50941763145375e-10,5.50909646420313e-10,5.50813314912048e-10,5.50652824596105e-10,5.50428268680963e-10,5.50139777482159e-10,5.50524488291132e-10,5.50749109458098e-10,5.50909646420312e-10,5.51006005931485e-10,5.51038131993375e-10,5.51006005931485e-10,5.50909646420312e-10,5.50749109458098e-10,5.50524488291132e-10,5.50235913287802e-10,5.50556567706742e-10,5.50781210630198e-10,5.50941763145375e-10,5.51038131993375e-10,5.51070261168381e-10,5.51038131993375e-10,5.50941763145375e-10,5.50781210630197e-10,5.50556567706741e-10,5.50267964761017e-10,5.50524488291132e-10,5.50749109458098e-10,5.50909646420313e-10,5.51006005931485e-10,5.51038131993375e-10,5.51006005931485e-10,5.50909646420313e-10,5.50749109458098e-10,5.50524488291132e-10,5.50235913287803e-10,5.50428268680962e-10,5.50652824596105e-10,5.50813314912047e-10,5.50909646420313e-10,5.50941763145375e-10,5.50909646420312e-10,5.50813314912048e-10,5.50652824596105e-10,5.50428268680962e-10,5.50139777482159e-10,5.50267964761017e-10,5.50492411981912e-10,5.50652824596105e-10,5.50749109458098e-10,5.50781210630198e-10,5.50749109458098e-10,5.50652824596105e-10,5.50492411981913e-10,5.50267964761018e-10,5.49979613160941e-10,5.50043669588714e-10,5.50267964761017e-10,5.50428268680963e-10,5.50524488291132e-10,5.50556567706741e-10,5.50524488291132e-10,5.50428268680962e-10,5.50267964761017e-10,5.50043669588714e-10,5.49755513268476e-10,5.49755513268476e-10,5.49979613160941e-10,5.50139777482159e-10,5.50235913287802e-10,5.50267964761017e-10,5.50235913287803e-10,5.50139777482159e-10,5.49979613160941e-10,5.49755513268476e-10,5.49467607751139e-10
4.58782493159124e-10,4.58948321850318e-10,4.59066831935143e-10,4.59137962408546e-10,4.5916167663823e-10,4.59137962408546e-10,4.59066831935143e-10,4.58948321850318e-10,4.58782493159124e-10,4.58569431166308e-10,4.58948321850318e-10,4.59114250214966e-10,4.59232831546344e-10,4.59304004788187e-10,4.59327733277436e-10,4.59304004788187e-10,4.59232831546345e-10,4.59114250214966e-10,4.58948321850318e-10,4.58735131828737e-10,4.59066831935143e-10,4.59232831546344e-10,4.59351463804744e-10,4.59422667617461e-10,4.59446406299446e-10,4.59422667617461e-10,4.59351463804744e-10,4.59232831546344e-10,4.59066831935143e-10,4.58853550398658e-10,4.59137962408546e-10,4.59304004788187e-10,4.5942266761746e-10,4.59493889781505e-10,4.59517634582067e-10,4.59493889781504e-10,4.59422667617461e-10,4.59304004788187e-10,4.59137962408546e-10,4.58924625936784e-10,4.59161676638229e-10,4.59327733277436e-10,4.59446406299446e-10,4.59517634582066e-10,4.59541381422644e-10,4.59517634582066e-10,4.59446406299446e-10,4.59327733277436e-10,4.59161676638229e-10,4.58948321850318e-10,4.59137962408545e-10,4.59304004788187e-10,4.59422667617461e-10,4.59493889781504e-10,4.59517634582066e-10,4.59493889781504e-10,4.5942266761746e-10,4.59304004788187e-10,4.59137962408546e-10,4.58924625936785e-10,4.59066831935143e-10,4.59232831546345e-10,4.59351463804744e-10,4.59422667617461e-10,4.59446406299446e-10,4.5942266761746e-10,4.59351463804744e-10,4.59232831546345e-10,4.59066831935143e-10,4.58853550398658e-10,4.58948321850318e-10,4.59114250214966e-10,4.59232831546345e-10,4.59304004788187e-10,4.59327733277436e-10,4.59304004788187e-10,4.59232831546344e-10,4.59114250214966e-10,4.58948321850318e-10,4.58735131828737e-10,4.58782493159124e-10,4.58948321850318e-10,4.59066831935143e-10,4.59137962408546e-10,4.59161676638229e-10,4.59137962408546e-10,4.59066831935143e-10,4.58948321850318e-10,4.58782493159124e-10,4.58569431166309e-10,4.58569431166309e-10,4.58735131828737e-10,4.58853550398658e-10,4.58924625936784e-10,4.58948321850318e-10,4.58924625936784e-10,4.58853550398658e-10,4.58735131828737e-10,4.58569431166309e-10,4.58356533624193e-10
3.86634712482579e-10,3.8675943587955e-10,3.86848564989939e-10,3.86902058852823e-10,3.86919892874104e-10,3.86902058852823e-10,3.86848564989939e-10,3.86759435879551e-10,3.8663471248258e-10,3.86474452082961e-10,3.8675943587955e-10,3.86884226198466e-10,3.86973403140956e-10,3.87026925715394e-10,3.87044769309243e-10,3.87026925715394e-10,3.86973403140956e-10,3.86884226198466e-10,3.8675943587955e-10,3.86599089511072e-10,3.86848564989939e-10,3.86973403140956e-10,3.87062614271188e-10,3.87116157367061e-10,3.87134007802853e-10,3.87116157367061e-10,3.87062614271188e-10,3.86973403140956e-10,3.86848564989939e-10,3.86688157175688e-10,3.86902058852823e-10,3.87026925715394e-10,3.87116157367061e-10,3.8716971278107e-10,3.87187567323787e-10,3.8716971278107e-10,3.87116157367061e-10,3.87026925715394e-10,3.86902058852823e-10,3.86741614155319e-10,3.86919892874104e-10,3.87044769309243e-10,3.87134007802853e-10,3.87187567323787e-10,3.87205423235773e-10,3.87187567323787e-10,3.87134007802853e-10,3.87044769309243e-10,3.86919892874104e-10,3.86759435879551e-10,3.86902058852823e-10,3.87026925715394e-10,3.87116157367061e-10,3.8716971278107e-10,3.87187567323787e-10,3.87169712781069e-10,3.8711615736706e-10,3.87026925715394e-10,3.86902058852823e-10,3.86741614155319e-10,3.86848564989939e-10,3.86973403140956e-10,3.87062614271188e-10,3.87116157367061e-10,3.87134007802853e-10,3.87116157367061e-10,3.87062614271188e-10,3.86973403140956e-10,3.86848564989939e-10,3.86688157175688e-10,3.8675943587955e-10,3.86884226198466e-10,3.86973403140956e-10,3.87026925715394e-10,3.87044769309243e-10,3.87026925715394e-10,3.86973403140956e-10,3.86884226198466e-10,3.8675943587955e-10,3.86599089511072e-10,3.86634712482579e-10,3.86759435879551e-10,3.86848564989939e-10,3.86902058852823e-10,3.86919892874104e-10,3.86902058852823e-10,3.86848564989939e-10,3.8675943587955e-10,3.86634712482579e-10,3.86474452082961e-10,3.86474452082961e-10,3.86599089511072e-10,3.86688157175688e-10,3.86741614155319e-10,3.86759435879551e-10,3.86741614155319e-10,3.86688157175688e-10,3.86599089511072e-10,3.86474452082961e-10,3.86314302120158e-10
3.28849406402402e-10,3.28944661088148e-10,3.29012728251352e-10,3.29053579795463e-10,3.29067198851739e-10,3.29053579795463e-10,3.29012728251352e-10,3.28944661088148e-10,3.28849406402402e-10,3.28727003491476e-10,3.28944661088148e-10,3.290399616767e-10,3.29108061646546e-10,3.29148932882217e-10,3.2916255850361e-10,3.29148932882218e-10,3.29108061646546e-10,3.290399616767e-10,3.28944661088148e-10,3.28822199204708e-10,3.29012728251352e-10,3.29108061646546e-10,3.29176185063237e-10,3.29217070372428e-10,3.29230700685896e-10,3.29217070372428e-10,3.29176185063236e-10,3.29108061646546e-10,3.29012728251352e-10,3.2889022422038e-10,3.29053579795463e-10,3.29148932882217e-10,3.29217070372428e-10,3.29257964128981e-10,3.29271597258779e-10,3.29257964128981e-10,3.29217070372428e-10,3.29148932882218e-10,3.29053579795463e-10,3.28931050466243e-10,3.29067198851739e-10,3.29162558503609e-10,3.29230700685896e-10,3.29271597258779e-10,3.29285231327535e-10,3.29271597258779e-10,3.29230700685896e-10,3.2916255850361e-10,3.29067198851739e-10,3.28944661088148e-10,3.29053579795463e-10,3.29148932882217e-10,3.29217070372428e-10,3.29257964128982e-10,3.29271597258779e-10,3.29257964128981e-10,3.29217070372428e-10,3.29148932882217e-10,3.29053579795463e-10,3.28931050466243e-10,3.29012728251352e-10,3.29108061646546e-10,3.29176185063236e-10,3.29217070372428e-10,3.29230700685896e-10,3.29217070372428e-10,3.29176185063236e-10,3.29108061646546e-10,3.29012728251352e-10,3.2889022422038e-10,3.28944661088148e-10,3.290399616767e-10,3.29108061646546e-10,3.29148932882217e-10,3.2916255850361e-10,3.29148932882217e-10,3.29108061646546e-10,3.290399616767e-10,3.28944661088148e-10,3.28822199204708e-10,3.28849406402402e-10,3.28944661088148e-10,3.29012728251352e-10,3.29053579795463e-10,3.29067198851739e-10,3.29053579795463e-10,3.29012728251352e-10,3.28944661088148e-10,3.28849406402402e-10,3.28727003491476e-10,3.28727003491476e-10,3.28822199204708e-10,3.2889022422038e-10,3.28931050466243e-10,3.28944661088148e-10,3.28931050466243e-10,3.2889022422038e-10,3.28822199204708e-10,3.28727003491476e-10,3.28604676344068e-10
